0,447
0,446
0,445
0,444
0,443
42,3
42,2
0,442
42,1
42,0
0,441
0,440
0,439
41,3
41,2
0,438
41,1
41,0
0,437
0,436
0,435
40,3
40,2
0,434
40,1
40,0
0,433
0,432
0,431
39,3
39,2
0,430
39,1
39,0
0,429
0,428
0,427
38,3
38,2
0,426
38,1
38,0
0,425
0,424
0,423
0,422
0,421
37,3
37,2
0,420
37,1
37,0
0,419
0,418
0,417
0,416
0,415
0,414
0,413
0,412
0,411
0,410
0,409
0,408
0,407
0,406
36,4
36,3
36,2
0,405
0,404
36,1
36,0
0,403
0,402
35,3
35,2
0,401
35,1
35,0
0,400
0,399
0,398
0,397
0,396
0,395
0,394
34,4
34,3
34,2
0,393
34,1
34,0
33,3
33,2
33,1
33,0
0,278
0,392
0,391
0,390
0,389
0,388
0,387
0,386
0,385
